100853987825
101855817435
102279904217
102729026392
102813106132
103174421845
103436751760
103656426411
104567777563
104706623137
105038906426
105354636072
105857803793
106151546310
106986943940
107501480065
107753764139
109035770164
110210585948
110606214242
110996792085
111549708192
112177815245
112872124646
112937595172
113404845952
113576311960
114626546336
115057678072
115058474542
115110753634
116012349852
117796605389
118214162527
118865208997
119788043391
12005941047
12015123393
120221953749
120366476660
120506932938
121217912607
122070957868
122543218019
123675274253
12375070959
124218415151
124226477194
124416110103
12459398132
125568505545
125683199024
126300906186
126658010330
127442621803
127696746793
127866675948
128217118808
128300989248
128880763285
129139494044
129221788975
129797159042
129978033325
130376795108
130593091500
131107658398
131781923267
131898172532
13222601357
133011245168
133307714409
133313355306
133728812294
134296232550
134797539444
134972618836
135757895111
136304482098
137067530791
137696305661
137807918710
139406595292
139754256322
140035184561
140366539518
140532355399
141029803917
141133985937
141616630456
14222973267
142620987897
142967274267
143142204719
143627738161
144051701748
146020521474
146552689294
147440192254
147694826881
147998253852
149556932840
150034037300
1506393014
150759969909
151547044082
153054958748
153290721917
153728985754
153867800458
154179589023
154286321760
154304387807
155467931302
155555276488
155788502679
15620914083
156461963067
156850059734
156891706841
157321321819
157758024044
157961687120
158411186497
158581869113
15863986603
158825235918
158845296408
160013424826
160166433373
160726467280
160767656621
16130294178
161422295167
162644996094
163540612069
163902326387
163911988319
164166717957
164353380250
16441547268
164791755641
164866621823
165333129549
165342132729
165509720786
166861654099
167222656965
167252335166
167753101075
170551099120
171906489213
172409570361
172881523060
173479270170
173524980836
173529495030
173606473301
175653437254
176042200285
176150554916
177766799841
178060238603
178104428619
178130133772
178354188774
178749626246
179503381175
181023234540
181177854343
181338080357
181495264632
181756214525
18212518336
182290594342
18238461500
18238994042
184104402600
184491340872
184959060655
185122201628
186405798120
186905093121
187092660972
187284243675
187746171887
187891328019
187937374571
18799775579
190161517636
190169307042
192045877951
192252813353
192309345947
192421305001
192668479653
192974181015
193733771823
194262099708
194362783509
19494670087
195372697200
195875463519
195934850813
195941536019
19601435012
196807749657
197006748592
197009485458
197238875522
198338418271
199378705901
200212032116
20026615903
201560645109
201978444356
20234665134
202587321267
202601267515
203044651594
203339145749
203345343503
203539966931
203965744358
20517112572
205863676744
206178492825
206266701606
207238523129
209239030848
209348163768
210429540231
21054225172
210792438769
210922017947
211827392170
211841636747
212146475816
213161590344
213774833340
214032089347
214538838340
215066829348
215446707250
215713840268
217512180114
217723569344
218091418381
218153196227
218154017870
218450106522
219250483082
219463890678
219666136048
220102821649
220662483217
221307964536
222274857933
222675810833
22342523083
223429335699
223868938267
224247888380
225336541252
225963265278
226178045523
226595983323
22924018001
229316928753
229330283794
229663657615
230582573383
23070523726
230856409600
230975890340
231040798896
233328847582
233897411715
234323344262
23441962954
235143484229
235152914108
235604859102
236822274021
237088721185
237229484642
237833746854
238131964336
238292551428
238490144194
238600390342
238799791693
238938177304
239379983732
240107024706
240343331150
241210066237
242047917745
243576661689
244282362208
244616072462
244949141056
245264511134
246228757844
246231571483
246442576932
247272567499
247402917526
247671127480
247982737361
249060269671
249587136742
249819479680
250097269813
250844423963
25148798218
252422476788
253490677441
254112328020
25505676981
255106664924
256140788746
256863197619
256935289958
257165184357
257344572820
257570065970
25764051800
258610168409
259612291589
259932261229
260077154096
260153519765
260555716717
26064677954
260816206509
261277312749
261401508580
262729583646
263056810
26340290741
264518202293
264578774446
264808497400
264841662615
264894168422
265601474334
267252009234
267401744398
268999482638
269602862582
270531882597
271188139480
271547826851
271644581749
27198332737
272023165598
272340717131
273617180463
27393818973
274346483862
274437030729
275298006615
276757516142
27718122506
277187372575
27727737447
27785054052
278489793921
278855794417
280725884319
280871549101
280907351029
281302116639
281665466056
281671765778
282215737256
283261058805
283345365426
283771574796
285547976270
286220472042
287055261251
287312112957
288458015299
289090664580
289830531066
290925640723
291397458124
291724734374
291944185739
292384393329
29257980436
293169592193
293257957212
293493941862
294497416859
294548097682
294960502166
295467569875
296110151635
297201202449
297554581599
29794561326
298747295667
298925720367
299252890507
299612273952
300083845151
300283092576
300349691517
300658663407
301020949221
301670073212
301718436761
302917448915
303629930007
304231110873
30535717363
305882271106
306886657625
307416445107
308257511116
309271888361
309870345904
31104414942
311402469628
311710993052
311713717407
312313755004
312634436266
312796747036
312813664286
313340852816
313524151518
313864474780
314048431397
314074712614
314641429474
314720251225
314867664798
315954384469
317036402986
317394731630
317480872245
318401209019
318891865679
319760109779
319938361487
320168017090
32019286296
320227862460
320623030886
320713865506
321367039584
321687377148
322278514313
323079516824
323712641999
324834716438
325089916934
325155169493
325508748777
325759721270
326847022784
327030053913
327055077106
327844608780
328127072859
328365962760
329126864326
329472701736
329674785520
329805229724
329884377071
329981057133
330249272931
330783889747
33086999729
331185676281
331306179534
331488992483
334522083487
334602748285
334743148956
334950146121
33506985078
335641628983
335674275872
335757919983
33643660825
336659335134
337343459930
33827669550
338917207376
339104788355
339137733467
339220764754
341726549317
342860983928
343110230457
343522719498
343616822280
343704493553
344551373083
344627870147
344645272640
345506334453
345971295844
346988950883
347639123651
34764634804
348125401081
348340642168
348853122372
349315126282
349723982220
350680200692
351193898173
351464497827
352978097070
35316595041
353945844563
355409031868
35571962588
355907811738
356051223029
356744499920
358232998037
35906434848
359386108113
359675626208
360077482871
360406191090
361177244769
361947815328
362431974993
363305361277
36389547520
365880002531
366312584498
366654765884
366820183251
36712893608
367291325779
368067631874
368474843365
369786533796
37039043957
370534903136
37073897055
371015791792
371824998441
372124824276
372131223738
372317095679
372403500057
373785372782
374380365949
374395068013
375446098661
375881944937
377149048565
377849635108
378025367584
378397111830
378868780282
38024136375
380378091414
380417879961
380509098637
381697001712
382102647676
383851257846
385049757364
385286944022
385293859278
385336802930
385600209684
385786619918
386170020294
386872121439
387387732626
387736701452
389661444643
389771066107
390326301297
391395078292
391493215678
391657415835
39207980038
393294903439
393438257861
39531423584
395518444046
395695899302
39607804436
396434079028
396805765791
397314445398
397354368781
39763624666
398726730431
398778196895
399240936947
400273830246
401181347436
401183688500
402397190052
40243567152
402805974221
403639451004
405700721828
406270082916
406763445616
406813367119
407456856588
408097521578
408404509132
409327940943
40935863883
409702885303
410605346534
410944372777
41150938572
411830882523
412536199125
412676825092
412724157873
413716776851
414271116318
414324359168
414708677549
414737300826
415594161838
415774755217
416185060925
416581719268
416634263862
41671245706
416718946157
41736855244
417824273016
418296772343
418892585292
419490502071
420089262511
42053761198
420682039538
420939304922
421117117299
421221587258
421411161278
421522830744
42170627483
421914048507
421933722424
422033800664
422834859112
423295065596
423649162795
423655695481
42427742358
42448858539
424951281054
425112617217
425480502470
426139487356
426624007482
426971991110
428709047342
428908197581
431213158576
431773585660
431914205617
432139416527
432293585387
432339821568
433983517740
434333084773
434721285457
434933580719
435413083392
435447084255
435469776113
435630476192
435697389454
435705564173
43632899249
436366465098
43732508883
437518466155
437689644084
437910407439
438987608117
439186355977
439891536227
440358227523
440653388445
442137388430
442687046824
443250678538
443254717292
443461210556
444368112973
444606339331
445394949437
446130660579
446402490210
446901941937
447829790275
44880586067
449106945714
449657747662
450107687420
45020413971
450800716651
451145360627
45123200806
451363994106
451551310546
45302251787
453669746739
453683683380
454113775454
454885510078
455207012524
455519918518
45553492800
455772261100
456102886088
45626539229
456666028139
457742052412
458326496157
458341820231
459620958343
460745724041
461180447561
461318739825
461476469746
461819971080
46282597280
463396529884
464900646413
465076645771
465318928594
46568911574
465954950719
466091970469
466328562579
467335775050
468583085338
468777844027
469334552230
469562059563
469909380120
471473055317
471533701156
471535256630
471979962580
472663786750
472873765214
473036096332
4734101411
475397973463
475948833413
475989492637
476385741225
476414880660
477874713980
478013457462
478587514026
479078079729
479334250816
479397692370
479410264696
479520977008
479641026771
479753691270
480010341600
48090509757
48141443196
481814773416
482698034480
482981666910
483340042765
484078980058
484344949470
484604872581
485062116099
485238724556
485787341428
486405002518
487745008256
488112880526
4886326609
488714720694
489672636767
490962745244
492094294886
492139350012
492143690495
492978147465
493193730735
493728945888
493742700267
493946003548
494106425711
494395222862
49472848586
495583195657
496345544359
498621285432
499168659155
499864541374
499943315171
500531177582
501663061875
501686400498
501835241033
502205418707
502518642995
503065687569
503416941185
504114243446
504386040040
504564843184
505759375625
506112998075
506396780306
506791745103
507262020810
508156539537
508212420122
50847885721
508630874783
508871921283
50897849942
509639870939
509766538380
510176662849
510255085246
510444017991
511088739143
511196211160
511600122325
511792340628
512355383144
513400050034
513444388875
51348011552
514092353053
514372628632
514749726947
514967041401
515119082223
516051871211
516343118978
516357586965
516437819195
516521513835
517858651642
517899874303
518818607442
519174777549
519281069297
519680728963
520733498933
521682576584
521808026958
521830699022
522144358828
522196544727
522337971381
523448359969
523598922540
523613345648
524892982108
526012981031
526181689064
527444178787
528579271216
528581443256
52916896984
529366412006
530345427777
530425607472
530598542251
530646676890
531663900550
531696116452
531850075449
531931975772
532004246108
532071276310
532257588242
532784401343
533140668739
533767129588
533924227588
534740447932
535119848597
535144797436
535185638595
535354647515
536168166896
536278679249
536304816897
537078656408
537433731205
537970847603
538187502480
538486264503
539672099916
540082067762
540858922209
541544326408
542594122866
542594518977
543694637018
543704006397
54373966743
546884668366
546907284725
547094754328
547355197520
547640584307
54766963915
547965125010
548130612998
548379081725
548415881202
548683854532
548700815296
549980692765
550198980616
550413217582
552143295550
552489197270
553615369226
553853886976
553889074834
554391710637
554737929809
555290919346
555381121741
555769488903
555866941928
557765626847
557911204763
558176060977
558278779118
558916203435
559162831901
560535484520
561130858341
561207007866
561510544031
562085341840
562290226908
563318247714
563323240235
563597886573
563893294312
563974765755
564921369205
565259960336
565480322436
56568483037
565830903795
566098099561
566204070329
567496080412
567762819010
567935925978
568411318840
568479682430
568854254076
569274523594
569349300917
569799787608
569909098866
57230533443
572331123926
572378182939
573338555731
573494541385
573605472863
573684811854
573867757066
574170807611
574618493990
575333688393
575884605337
576441890375
576741059085
576835630666
578416568878
578982595950
579226572268
579233834964
579645189872
580944245745
581157258008
581971532076
582735357946
583067528930
583838876193
584324522753
584403226328
584896044178
585060698898
585789884320
586084977835
587240115231
588151195551
588781189110
589983561238
590958933601
59114922611
591399343469
591583863134
59244557910
592539767353
593078780227
593309354589
593354832744
594353169005
594743291846
594875293547
594973085150
595252553967
595433270831
596830707697
597032650655
59731440743
598265660827
598327271439
598639147742
598810736691
59974458558
600880124335
601393915998
601783641769
602120351624
605582850228
60581983439
606461807621
606523230877
607565471680
607976624665
609571880024
610166884431
61041753522
610790815408
611223882805
61123449016
611802588102
612557990181
612928719185
613255817197
613725885182
613841129507
614017873084
614499995502
61514164703
615188380502
615947221682
615959405420
616198966979
616384029003
617363168053
617717979505
6184185624
619174799183
619477609718
620892333851
622655643675
623160877236
623278647997
623700412408
623723613625
624658962695
624665049832
624697055065
624959477248
625026006146
625741132951
62583018238
625914547298
626798891772
627388397122
627553864039
627888688220
629642901831
630196795468
630332587977
630347717090
630710949027
630830314887
632809182375
633184245381
633246057513
634732030700
635028748796
635140062575
635498437105
635627844153
636414164571
636880880015
637076674869
639184892295
639645733457
639786970653
640168303784
640504300320
640784729255
642118282606
642518408970
643530119233
644103125045
644391574614
644441486423
644837305430
645466972317
645631419829
646376264073
646490606670
646648244999
646663356449
647320345336
647481967500
647710087674
6478396692
648527230445
64938970296
650348189654
650394314545
650658473980
650744877166
651031498269
651033380113
652033562017
652758502101
65387531591
654089349285
654399575579
655442851351
655508314646
657549377257
658821194607
659600982289
659905908388
660050629488
660283245951
660395904561
660646869817
660647692663
660673792076
661464208552
663200741348
663221431289
663834391158
663957355663
664190296136
665074721362
665287667407
666809919240
666955903726
666983660830
667218407908
66806366616
668187160753
668731278818
670624314505
670800052432
67087180257
671638652582
672609076943
672665822978
673047778423
673559769890
673670786650
673955933836
675694727286
675921593113
676178025892
676305500203
676470357278
67700861937
678159727248
678168735747
67875628440
679116021620
681031903022
681409393008
681966318271
682086026826
682118651221
682265236254
682534940583
682745660010
683186904631
683978809180
68445643984
684591616730
684724335353
685746166380
685822732477
686621871815
687483646375
687752280743
689000219681
689359574943
690189590554
691128606145
692349322597
692519996548
69396474219
695599908844
695966602227
696101426724
697627504133
69807437777
699354904206
700152561912
700546617583
701652129186
701715138159
702101775125
702767743805
703176684652
703558503922
703586668030
704064103392
704376513232
704509286922
706442907076
706855645742
707608676459
707880098889
708501539651
70855665513
708664933281
708880732959
70914489925
709290044412
709336697116
710066445413
710570432
711174513486
712221341835
71222375962
712459617846
714623862778
714792174104
715387514560
715387869971
715487243634
715638510977
715977394123
716044946624
717165363979
717455631464
71915037047
719279406899
72077020924
721119277067
721246055738
721584949803
722004022430
722274889380
722989476529
723878921736
723936215149
723962538754
724173441755
72456172364
725321613126
725621805577
725623497961
725873159889
726275862839
727878654500
72809415679
729233012157
729308365032
730614123309
730815756171
73124572963
731251923967
731412667487
731677227344
731986363195
734072953719
734603544380
734732719100
734946960293
735231114446
735341233792
735350018961
735505390668
73567426006
735879312643
737333157458
737380786636
7376742932
738093286140
73925695856
739390563763
740114595044
740269697209
740446680568
741120205199
741193387880
74198421728
743148673090
743229358793
74343481119
744193236719
744222733865
744412747774
744790156574
745011378403
745436522245
746060196778
746106492868
746357540422
747554881968
747644957506
748358347750
748386631239
749744302881
750226312982
750908101200
751609147728
752002259965
752285151573
752593017322
752856441164
753347001855
753421563487
753991249289
756572184188
757497039796
757793917295
758024463737
758171840124
758742228984
759480577751
759808448991
75993936378
759986671741
760126627474
760531777836
761727045309
762584756954
762826378804
762881788030
76308015488
763125090046
763264056063
763324002956
763860795803
764424643879
764566398366
764624943018
764800814176
76486984243
765099915043
767144623221
767230921903
768065802162
769108926496
769844506256
771004254706
77125507817
771624736385
771840893862
771909458032
772159538212
772993726665
773109441061
774757027906
775560303988
775788536799
77792755679
778053183789
778390442910
778418369842
779676937321
780437351483
780836304186
781049066210
782749733671
783218966002
783289052658
783844654434
784218907795
784518178277
784855860178
784967056668
785333376567
785366207525
785575383498
785702586019
786124670697
786439158741
786449541166
786473783191
787713977720
787944817684
788190794177
788216460043
788349212379
78890468565
789023469196
789186883652
789511319434
789753888745
789952760466
790238549948
790659170151
791503251376
791684313047
793069579776
793362714398
794201769403
794687372331
795115689640
796457589760
796804316249
797133169666
797236523761
797517867029
797869763280
798158155287
798461765231
800292309099
800571155403
801227441719
80135965120
802557447574
802604061177
802775811536
802843381626
803581039998
804237079085
804718277370
804769946527
805408191704
805716461390
806238159980
806634099773
807318569422
807337690904
807360726924
808812997580
809478793683
809670489924
809988552721
809992357823
810423546133
810651792051
810893186987
811202524573
811999205349
812018592255
812562829138
812977273700
813201177303
813398586551
813398965891
813510174280
813663433969
813839624694
813848322160
814317169032
814535193047
815901543508
816040356179
816101673573
816887593709
817039103073
817374787100
817396357249
818605577439
81878376947
820296913979
82032698342
820812798675
821431460006
822687353565
822938093687
823245019634
823595002863
823672850127
823701492337
824009676482
824221792402
824837655726
825096066117
825692106637
827456040353
827701086617
830125785168
83024680479
830565339789
830929311396
831394978257
831481074061
831842541379
832864337885
833417936828
833555383423
833846952202
83402143959
834997148406
835881700458
836238854823
837895294930
837906711751
837987361100
838386290601
838393602727
838757145915
839091243336
839183890422
840047219771
84045235432
840617046237
840746943170
840974593127
842034616440
842493241305
84455616205
844844141099
845328450190
846237170206
846490432248
846712784006
846833881465
847043433231
847142063317
848709009759
849853816180
849902994295
849927950896
849984213250
850065405582
850385692556
850404260623
851165947685
851608502567
851976000694
852876055103
853894369870
854418523194
854918006643
855867659449
855922812860
85667584588
857012001082
858315983592
85994398524
860194701879
860953185272
861045220386
861895804016
861987333005
86208514346
863458841911
863561404612
864000062415
864311817951
864915051134
865385639220
865573084915
865620130171
865824106633
866555028051
866672974975
867086040809
867907731861
867915523079
86811399170
868169215507
868878382222
870196287841
870389664851
870971248030
871680425454
87219707129
873013605380
873109578130
873167527116
873289507412
873469532425
873505535852
875104636468
875146196630
875339766147
875798349729
875863749916
876499853735
878269694631
879341243018
879998518222
880666042474
880669871854
880678931366
881063182437
881098065430
881115112368
881238724030
883062358536
883067272382
883129389234
883495609179
88366735346
883881517699
884710479881
884805918649
885802345950
886040393559
886148808050
886584727652
886830352949
887262333435
887364641960
887454276560
88771779300
887886114976
888355842122
889155854283
889687583564
890057982121
891134878759
8911998967
891369168625
891933334155
89211520311
892863332047
892989537637
894449030687
894953225979
895148265823
895272203029
895445779696
89582342552
896303410886
897965791838
897976472360
898448856329
898592259142
899892906797
900001676680
900111114273
900111579029
900822826659
900920123775
901787813821
902212975621
902688526430
902847935678
902941653386
90325883782
903520681515
903693072305
903850840581
904238908888
904562058207
904960845891
905039871537
905126134507
905153760554
905315420924
905579464655
905597254971
905677791827
906108155094
906201041258
906273879128
90650127447
908716420042
909966931892
90998825390
91018899649
910606584923
910673739950
910711687960
911193036416
911271203201
911766458251
911925353872
911949672703
912215921409
912411629049
912590592317
912666015156
91318994359
913456242246
91398837169
914404621863
915010382084
916307846393
917400521348
917426426510
917659733503
918843417252
918940445022
919340316964
920293408080
920866924059
921353513292
921632145612
921793382844
922038930101
922397695653
922452804875
9224866182
922593081539
922682733904
922744907537
923023936419
923603651407
923720796086
923952906245
924088283913
924594756602
925594200960
926525919272
927112591243
927346118635
927458893622
927552173488
928331411848
928799450478
928851736421
929248875870
929488837938
930100752068
930159867045
930681306946
93075495244
93141973279
93167554550
933118172995
933396705737
934562386198
934884960724
935494102851
935544991465
936318616705
936446629389
936455278776
936511886051
936753285532
938061759088
938525112707
939204889425
939240923914
939549603391
939726392597
941394185344
941579677998
941584581478
942497125468
943837085655
944644445469
944771778696
945029853918
947550465599
947874483682
948492205062
948959488177
949225342305
950747662671
951329832873
952078052725
952993521396
954815690511
957613707230
95852485835
958670475085
958916956587
959479366750
959670000760
959948679826
960908518071
961131922125
961702553023
96182708169
961882159199
962289186455
962820105966
96377909446
963888525647
964221819998
9642666906
964336776848
964581034856
965325250429
965563141071
965886552609
966060305144
966173677419
966387955755
966445224944
966765820113
967714143883
968032133756
968497987226
968687634347
968972134624
970575745235
970672335623
970725142133
970886661544
971107018593
972012203252
972312520673
972810819042
972817062634
97321414157
973399694447
973575812457
97369867525
974016557855
974144629985
97414753272
974323075492
974376897942
974613900201
974692188592
975601041163
976161070927
976168814843
977277078602
977322491634
97736926639
977389554850
977417744289
977757240705
978240426251
979223868068
979223995082
979769281315
980577775873
981139325675
981856617340
982308398779
98243935575
982731996773
982813432754
983061429608
983415352415
985737909708
985925381859
986150056849
987081529487
98736175313
988685113095
989625609433
989915503011
990102397228
990883415207
991528421637
991695050473
991745253470
991757641842
991820684590
991833018332
992622303832
993774509114
99449744727
994695454241
995292232473
995639086955
996562536187
996623769158
996971626812
997882935345
997967155543
998089132902
998969143852
999537529609
